Skipping because of load error: /data/tmp/indus/yfin/data/stocks/history/1d/AMCR.npz
Skipping because of load error: /data/tmp/indus/yfin/data/stocks/history/1d/CDAY.npz
Skipping because of load error: /data/tmp/indus/yfin/data/stocks/history/1d/NXPI.npz
Skipping because of load error: /data/tmp/indus/yfin/data/stocks/history/1d/SEDG.npz
Skipping inconsistent series: CTLT
Skipping inconsistent series: DFS
Skipping inconsistent series: FLT
Skipping inconsistent series: MRO
Skipping inconsistent series: PEAK
Skipping inconsistent series: PXD
Skipping inconsistent series: WRK
typeofdate  <class 'numpy.ndarray'>
typeofprice <class 'numpy.ndarray'>
typeofsyms_l <class 'numpy.ndarray'>
dates_v<class 'numpy.ndarray'>
ref64_dt<class 'numpy.datetime64'>
idx_v<class 'numpy.ndarray'>
ref_index<class 'numpy.int64'>
ref_index<class 'int'>
ref_index<class 'int'>
valid_idx_l<class 'list'>
**********
risk_v[[0.03599895]
 [0.0466487 ]
 [0.03239563]
 [0.02385533]
 [0.02793509]
 [0.0458872 ]
 [0.03900082]
 [0.05101607]
 [0.03804091]
 [0.03000266]
 [0.03034061]
 [0.06212984]
 [0.03014962]
 [0.03225606]
 [0.03757805]
 [0.03506474]
 [0.05535882]
 [0.04149797]
 [0.02982978]
 [0.04700537]
 [0.06861147]
 [0.09558103]
 [0.04413842]
 [0.04422048]
 [0.03613212]
 [0.054342  ]
 [0.073237  ]
 [0.02694989]
 [0.02803325]
 [0.04693761]
 [0.04112066]
 [0.05259872]
 [0.04410229]
 [0.0459502 ]
 [0.02764528]
 [0.05153303]
 [0.06900354]
 [0.03785461]
 [0.02722609]
 [0.04797801]
 [0.05076049]
 [0.02888999]
 [0.03720592]
 [0.0336287 ]
 [0.03349185]
 [0.03222138]
 [0.04813541]
 [0.05016475]
 [0.03131029]
 [0.04173643]
 [0.04396131]
 [0.03928346]
 [0.05541435]
 [0.04971698]
 [0.03799992]
 [0.02398766]
 [0.04051086]
 [0.0615398 ]
 [0.04770524]
 [0.04371621]
 [0.03394365]
 [0.03086442]
 [0.02393997]
 [0.02755292]
 [0.03414972]
 [0.02244688]
 [0.03439913]
 [0.05718924]
 [0.06353059]
 [0.04854566]
 [0.02176138]
 [0.03399842]
 [0.04092333]
 [0.03648951]
 [0.04418241]
 [0.07146253]
 [0.03865512]
 [0.03448756]
 [0.04779712]
 [0.04695198]
 [0.06524305]
 [0.03569848]
 [0.04117141]
 [0.03439437]
 [0.0541804 ]
 [0.02782688]
 [0.03739515]
 [0.12708552]
 [0.03189455]
 [0.03182603]
 [0.03489725]
 [0.0354969 ]
 [0.03125574]
 [0.03056413]
 [0.0569996 ]
 [0.04207718]
 [0.05890558]
 [0.03043563]
 [0.02519153]
 [0.025764  ]
 [0.02916699]
 [0.03787159]
 [0.06159751]
 [0.05233222]
 [0.02876497]
 [0.03601061]
 [0.03557287]
 [0.02823764]
 [0.05395589]
 [0.03429144]
 [0.02992838]
 [0.03998066]
 [0.06353702]
 [0.03384145]
 [0.04288412]
 [0.03856146]
 [0.04412772]
 [0.0257679 ]
 [0.02861583]
 [0.03824185]
 [0.03014773]
 [0.03542314]
 [0.05026171]
 [0.03759662]
 [0.03927966]
 [0.05296552]
 [0.02199573]
 [0.03000474]
 [0.02903635]
 [0.03848562]
 [0.06707016]
 [0.05943563]
 [0.03892089]
 [0.0390918 ]
 [0.0394419 ]
 [0.02911337]
 [0.04027828]
 [0.05155456]
 [0.03472131]
 [0.034232  ]
 [0.03455384]
 [0.04510371]
 [0.03526061]
 [0.0729477 ]
 [0.05814979]
 [0.05828987]
 [0.03396045]
 [0.03683011]
 [0.06304256]
 [0.03349875]
 [0.04406599]
 [0.038342  ]
 [0.03225437]
 [0.06616297]
 [0.0302213 ]
 [0.04812511]
 [0.03027135]
 [0.04054597]
 [0.05598608]
 [0.04784721]
 [0.05901938]
 [0.05977714]
 [0.03533652]
 [0.05199548]
 [0.03331088]
 [0.04748787]
 [0.03303075]
 [0.03403315]
 [0.04629233]
 [0.03863344]
 [0.07740485]
 [0.07073021]
 [0.03164767]
 [0.03829158]
 [0.07297956]
 [0.05170542]
 [0.03429293]
 [0.02458728]
 [0.03587394]
 [0.03078506]
 [0.02804121]
 [0.03873637]
 [0.03546197]
 [0.05818301]
 [0.0761075 ]
 [0.05634644]
 [0.05606093]
 [0.03494728]
 [0.04947543]
 [0.03363844]
 [0.03830641]
 [0.04885177]
 [0.06655249]
 [0.05332256]
 [0.07663024]
 [0.03199168]
 [0.03749337]
 [0.06171887]
 [0.04416993]
 [0.02937762]
 [0.0336999 ]
 [0.02741568]
 [0.02607049]
 [0.0363374 ]
 [0.03430931]
 [0.02553444]
 [0.03618114]
 [0.04455589]
 [0.02178806]
 [0.04128459]
 [0.02678841]
 [0.03248546]
 [0.04511714]
 [0.03437212]
 [0.07543021]
 [0.08304845]
 [0.03007374]
 [0.06006857]
 [0.04989694]
 [0.04995565]
 [0.03473976]
 [0.04300397]
 [0.03716667]
 [0.04333019]
 [0.03669889]
 [0.02972164]
 [0.05012345]
 [0.02916865]
 [0.03810451]
 [0.04048591]
 [0.05565313]
 [0.02181798]
 [0.028936  ]
 [0.03913526]
 [0.01972379]
 [0.01912975]
 [0.1225113 ]
 [0.04937879]
 [0.02157313]
 [0.04201921]
 [0.05114949]
 [0.02214707]
 [0.02768055]
 [0.06037034]
 [0.01733752]
 [0.02885753]
 [0.0350537 ]
 [0.03068607]
 [0.03613519]
 [0.03253356]
 [0.03498543]
 [0.03626326]
 [0.03265553]
 [0.03099564]
 [0.02131083]
 [0.03316686]
 [0.04045535]
 [0.054725  ]
 [0.05129917]
 [0.04142261]
 [0.04058955]
 [0.03519903]
 [0.05157116]
 [0.02203222]
 [0.03775067]
 [0.03714397]
 [0.0413147 ]
 [0.01974816]
 [0.0466294 ]
 [0.02667293]
 [0.03464051]
 [0.02168059]
 [0.03148754]
 [0.04769602]
 [0.08272886]
 [0.04251244]
 [0.05159306]
 [0.04197518]
 [0.05453657]
 [0.04465995]
 [0.02867412]
 [0.03819875]
 [0.0271563 ]
 [0.02936457]
 [0.02845671]
 [0.05115811]
 [0.050083  ]
 [0.07105631]
 [0.03221293]
 [0.03697453]
 [0.04139084]
 [0.04012829]
 [0.03105645]
 [0.05029536]
 [0.06143643]
 [0.03759616]
 [0.05528999]
 [0.07344018]
 [0.03499068]
 [0.0572066 ]
 [0.04094061]
 [0.04815118]
 [0.05247711]
 [0.03011273]
 [0.03335218]
 [0.02701345]
 [0.05012967]
 [0.04670289]
 [0.03612582]
 [0.03371518]
 [0.04657187]
 [0.0538888 ]
 [0.07441311]
 [0.03162459]
 [0.05103519]
 [0.05106761]
 [0.02681923]
 [0.04928123]
 [0.03848308]
 [0.03358764]
 [0.06562527]
 [0.0299175 ]
 [0.03255118]
 [0.05272241]
 [0.05259975]
 [0.06911899]
 [0.05559667]
 [0.03745522]
 [0.04145803]
 [0.02954466]
 [0.03244916]
 [0.01784978]
 [0.02190931]
 [0.02001971]
 [0.03902213]
 [0.04174913]
 [0.04476864]
 [0.04164718]
 [0.03849788]
 [0.02626185]
 [0.04905277]
 [0.04869374]
 [0.03539496]
 [0.04312612]
 [0.04802236]
 [0.04063362]
 [0.0291042 ]
 [0.04808096]
 [0.0334608 ]
 [0.05196884]
 [0.03367224]
 [0.03732187]
 [0.04542773]
 [0.0446202 ]
 [0.0554405 ]
 [0.05599264]
 [0.03624798]
 [0.03676559]
 [0.05590376]
 [0.041908  ]
 [0.05428259]
 [0.03925515]
 [0.02913775]
 [0.04057957]
 [0.02038135]
 [0.02345259]
 [0.02784913]
 [0.02363973]
 [0.0276405 ]
 [0.04271172]
 [0.02861331]
 [0.0903272 ]
 [0.04235895]
 [0.0446657 ]
 [0.02343121]
 [0.06288551]
 [0.02760115]
 [0.03859835]
 [0.02730842]
 [0.04200469]
 [0.0333152 ]
 [0.03093759]
 [0.04937229]
 [0.07171797]
 [0.05128643]
 [0.05788894]
 [0.02413012]
 [0.0536742 ]
 [0.05555881]
 [0.06024472]
 [0.04098158]
 [0.02523122]
 [0.02958525]
 [0.03309264]
 [0.03797079]
 [0.03001651]
 [0.03995332]
 [0.03119069]
 [0.0471271 ]
 [0.08027147]
 [0.0368081 ]
 [0.03768032]
 [0.02414585]
 [0.03211701]
 [0.02601204]
 [0.03907379]
 [0.04404332]
 [0.04498261]
 [0.04857519]
 [0.03643284]
 [0.03257725]
 [0.09225143]
 [0.0306397 ]
 [0.03552985]
 [0.05065046]
 [0.03237282]
 [0.03370639]
 [0.04628791]
 [0.0507719 ]
 [0.03804599]
 [0.04258868]
 [0.02308862]
 [0.03212782]
 [0.04302822]
 [0.03048227]
 [0.06289117]
 [0.07418446]
 [0.02255796]
 [0.06385561]
 [0.05490292]
 [0.03860736]
 [0.0315276 ]
 [0.02756737]
 [0.03413088]
 [0.03861753]
 [0.03275222]
 [0.02310577]
 [0.03309008]
 [0.03881745]
 [0.03463197]
 [0.06751295]
 [0.05282064]
 [0.03029592]
 [0.04067168]
 [0.05000209]
 [0.03658288]
 [0.02330315]
 [0.03028825]
 [0.02086415]
 [0.03474493]
 [0.0557033 ]
 [0.03743509]
 [0.03987246]
 [0.04082042]
 [0.04498955]
 [0.05268049]
 [0.04260375]
 [0.02061709]
 [0.02328992]
 [0.05443597]
 [0.11832584]
 [0.03590762]]
risk_v[[ 4.78744507e-03]
 [-6.93482161e-03]
 [-3.23162675e-02]
 [ 5.98430634e-03]
 [ 1.67340040e-02]
 [ 5.83004951e-03]
 [ 1.71422958e-03]
 [-2.36002803e-02]
 [-3.50009799e-02]
 [ 1.20617151e-02]
 [-7.37971067e-03]
 [-4.72107530e-02]
 [ 4.65412140e-02]
 [ 3.78437042e-02]
 [ 6.42317533e-02]
 [ 1.62386894e-02]
 [ 1.54701471e-02]
 [ 6.22892380e-03]
 [ 1.82654858e-02]
 [ 3.64663601e-02]
 [-7.65461922e-02]
 [ 3.55887413e-02]
 [ 2.58969069e-02]
 [ 1.61925554e-02]
 [-4.45973873e-02]
 [-4.85611558e-02]
 [-2.62013078e-02]
 [-5.01213074e-02]
 [ 2.85959244e-02]
 [-1.30599737e-03]
 [ 4.61461544e-02]
 [-2.43141055e-02]
 [-4.84678745e-02]
 [-2.42561698e-02]
 [ 1.20474100e-02]
 [-4.77850437e-02]
 [ 1.83672905e-02]
 [-1.28356814e-02]
 [-3.71829867e-02]
 [-4.99592423e-02]
 [-1.06143355e-02]
 [ 4.73405123e-02]
 [ 1.92722082e-02]
 [-3.25307250e-02]
 [-1.23345852e-03]
 [ 4.55169678e-02]
 [-1.48643255e-02]
 [-1.19062066e-02]
 [ 1.91117525e-02]
 [-1.42531991e-02]
 [ 4.19723988e-03]
 [-4.88380790e-02]
 [ 7.27863312e-02]
 [ 3.64384651e-02]
 [-4.15233970e-02]
 [ 2.44178772e-02]
 [ 8.54063034e-03]
 [-1.48975849e-02]
 [ 1.54683590e-02]
 [ 1.30676031e-02]
 [-3.70404720e-02]
 [ 4.90689278e-03]
 [ 4.87864017e-03]
 [-7.92008638e-03]
 [ 2.18559504e-02]
 [ 2.03137398e-02]
 [-2.05338597e-02]
 [-1.83615685e-02]
 [ 7.08556175e-03]
 [ 1.04902983e-02]
 [ 1.25534534e-02]
 [ 4.22369242e-02]
 [-4.03270721e-02]
 [ 7.11822510e-03]
 [-3.17438245e-02]
 [ 7.02106953e-03]
 [ 1.18265152e-02]
 [-2.67953873e-02]
 [-1.92499161e-03]
 [ 5.28030396e-02]
 [-2.61589885e-02]
 [-1.36068463e-02]
 [ 6.48498535e-03]
 [ 1.70992613e-02]
 [-1.28079653e-02]
 [ 8.75794888e-03]
 [ 1.50557756e-02]
 [ 2.93837786e-02]
 [ 9.73439217e-03]
 [ 6.67333603e-03]
 [-2.13646889e-03]
 [-3.68337035e-02]
 [ 1.13040209e-02]
 [ 4.36115265e-02]
 [ 2.19061375e-02]
 [ 9.66393948e-03]
 [-1.54030323e-02]
 [ 2.63125896e-02]
 [ 3.25930119e-03]
 [ 1.16046667e-02]
 [ 3.44455242e-03]
 [ 7.22539425e-03]
 [ 1.07859373e-02]
 [-3.86788249e-02]
 [-3.23074460e-02]
 [ 4.36306000e-04]
 [ 1.54103041e-02]
 [-2.30004191e-02]
 [ 3.34393978e-02]
 [ 5.21421432e-03]
 [ 2.62856483e-03]
 [-4.29534912e-03]
 [-6.81818128e-02]
 [ 4.51682806e-02]
 [ 5.52487373e-03]
 [-1.68312788e-02]
 [-8.23152661e-02]
 [ 3.18591595e-02]
 [ 8.48114491e-03]
 [ 1.68161392e-02]
 [-8.39710236e-04]
 [ 6.61587715e-03]
 [ 5.57219982e-03]
 [ 3.41869593e-02]
 [-2.38507390e-02]
 [-2.40564346e-04]
 [-2.66426802e-03]
 [ 4.51418161e-02]
 [ 4.47996855e-02]
 [ 3.70913744e-02]
 [ 1.85705423e-02]
 [-1.73550844e-03]
 [ 3.56819630e-02]
 [-1.76151395e-02]
 [-5.30058146e-03]
 [ 4.22757864e-02]
 [-8.20809603e-03]
 [ 3.67450714e-03]
 [ 3.21803093e-02]
 [-2.04222202e-02]
 [ 2.76815891e-02]
 [-2.36938596e-02]
 [-3.20953131e-02]
 [-2.82329917e-02]
 [ 2.22384930e-03]
 [-9.75704193e-03]
 [-4.81718779e-03]
 [ 1.07328892e-02]
 [ 5.09433746e-02]
 [ 3.66877317e-02]
 [ 1.47355795e-02]
 [-6.88400865e-02]
 [ 3.04161310e-02]
 [-4.25866246e-02]
 [ 3.50703001e-02]
 [ 3.65138054e-04]
 [ 3.46806049e-02]
 [ 6.83164597e-03]
 [-3.45008969e-02]
 [ 6.58209324e-02]
 [ 1.49842501e-02]
 [ 5.12361526e-03]
 [-2.17351317e-02]
 [-1.69903040e-03]
 [-2.40590572e-02]
 [ 1.17549896e-02]
 [ 5.15074730e-02]
 [ 7.46524334e-03]
 [ 1.77258253e-02]
 [-1.57718062e-02]
 [ 3.53114605e-02]
 [ 4.92429733e-03]
 [-1.58096552e-02]
 [-3.54510546e-03]
 [ 7.38644600e-03]
 [ 1.04056597e-02]
 [-4.05604839e-02]
 [-1.76019669e-02]
 [-3.10564637e-02]
 [-8.40938091e-03]
 [ 1.32681131e-02]
 [-1.91833377e-02]
 [ 8.58306885e-04]
 [-2.37110853e-02]
 [-6.51432872e-02]
 [ 1.15337372e-02]
 [ 9.48631763e-03]
 [-1.72926188e-02]
 [ 5.79571724e-03]
 [-2.11477876e-02]
 [ 2.60317326e-03]
 [-5.08950353e-02]
 [-1.08504295e-02]
 [-9.07540321e-03]
 [ 2.05907822e-02]
 [ 2.81268358e-02]
 [-1.33007169e-02]
 [ 8.98897648e-03]
 [ 6.70266151e-03]
 [ 8.13364983e-04]
 [ 1.56193972e-02]
 [ 3.67336273e-02]
 [-5.63949347e-03]
 [-1.71464086e-02]
 [ 1.67286396e-03]
 [-1.97917223e-03]
 [ 4.14273739e-02]
 [ 7.37094879e-03]
 [ 7.69948959e-03]
 [ 4.60754633e-02]
 [-1.24185681e-02]
 [ 6.73496723e-03]
 [-2.27685571e-02]
 [-3.84765863e-02]
 [ 2.46137381e-02]
 [-9.82528925e-03]
 [ 2.07816362e-02]
 [-1.64183974e-02]
 [-7.19362497e-03]
 [ 1.61291361e-02]
 [-7.98505545e-03]
 [-1.20037794e-03]
 [ 8.86631012e-03]
 [ 3.64453793e-02]
 [-2.61772275e-02]
 [-5.65512776e-02]
 [ 7.40730762e-03]
 [-3.20523381e-02]
 [ 1.21093988e-02]
 [-6.17550015e-02]
 [ 1.85935497e-02]
 [ 4.73062992e-02]
 [-2.29451060e-02]
 [-1.25998855e-02]
 [ 1.89241171e-02]
 [-3.95590067e-03]
 [-9.70089436e-03]
 [-3.04216146e-02]
 [ 1.02961063e-02]
 [-9.24491882e-03]
 [-5.28333783e-02]
 [ 7.25877285e-03]
 [ 1.30237341e-02]
 [ 1.18147969e-01]
 [ 2.88462639e-03]
 [-3.96475792e-02]
 [-1.23285055e-02]
 [-9.87124443e-03]
 [ 2.37536430e-03]
 [ 9.84859467e-03]
 [-2.01046467e-04]
 [ 4.18901443e-04]
 [-4.05645370e-03]
 [ 3.79198790e-02]
 [ 2.50709057e-03]
 [ 4.43854332e-02]
 [-1.29908919e-02]
 [-2.68451571e-02]
 [-4.32771444e-03]
 [ 3.21867466e-02]
 [-4.75136638e-02]
 [ 2.73108482e-03]
 [ 1.25523806e-02]
 [-6.38520718e-03]
 [ 2.80332565e-03]
 [-3.52668762e-03]
 [-2.84512043e-02]
 [ 8.29374790e-03]
 [-2.61152983e-02]
 [ 6.59763813e-03]
 [-1.63653493e-02]
 [ 1.28161907e-03]
 [ 1.66938305e-02]
 [ 3.70881557e-02]
 [ 3.66079807e-03]
 [-2.01129913e-02]
 [ 9.37592983e-03]
 [ 2.12286711e-02]
 [-1.30511880e-01]
 [-2.75280476e-02]
 [ 3.38017941e-03]
 [-9.56654549e-05]
 [-2.42628455e-02]
 [ 2.44557858e-03]
 [ 8.17279816e-02]
 [ 7.30240345e-03]
 [-2.54349709e-02]
 [-1.68975592e-02]
 [ 3.32505703e-02]
 [-2.37495303e-02]
 [-4.96976972e-02]
 [-1.53188109e-02]
 [-6.76172972e-03]
 [-4.63193655e-03]
 [-6.11183643e-02]
 [-2.07769871e-03]
 [ 6.64317608e-02]
 [ 1.42321587e-02]
 [-9.19163227e-04]
 [-1.56597495e-02]
 [ 2.17816830e-02]
 [ 9.09638405e-03]
 [-2.89135575e-02]
 [ 3.17002535e-02]
 [ 1.33969784e-02]
 [-1.96087360e-03]
 [ 1.14749670e-02]
 [ 5.34396172e-02]
 [-1.41775608e-02]
 [ 3.75447273e-02]
 [ 2.53077745e-02]
 [-3.70993614e-02]
 [-2.84641385e-02]
 [ 2.34842300e-04]
 [ 6.81817532e-03]
 [ 1.03329420e-02]
 [-1.22475028e-02]
 [ 1.72945261e-02]
 [ 2.10574865e-02]
 [-1.71217918e-02]
 [-4.83115315e-02]
 [ 5.32388687e-04]
 [ 3.56006622e-03]
 [-1.24270916e-02]
 [-1.79290175e-02]
 [ 5.00228405e-02]
 [-9.07504559e-03]
 [-1.75155401e-02]
 [-2.73822546e-02]
 [ 3.89128923e-02]
 [ 3.81666422e-02]
 [ 2.30133533e-03]
 [ 1.06409788e-02]
 [ 7.69186020e-03]
 [ 2.42590904e-02]
 [-6.24760389e-02]
 [ 1.28812790e-02]
 [ 2.09550858e-02]
 [-8.88746977e-03]
 [ 7.55870342e-03]
 [-2.15200186e-02]
 [-3.04789543e-02]
 [ 2.01351643e-02]
 [-1.51799917e-02]
 [ 1.93662643e-02]
 [-5.28413057e-03]
 [ 4.53226566e-02]
 [ 3.61518860e-02]
 [ 2.06369162e-02]
 [ 3.44960690e-02]
 [-1.60849690e-02]
 [-1.24253631e-02]
 [-2.27121711e-02]
 [-9.37950611e-03]
 [-5.72023988e-02]
 [-1.26070380e-02]
 [-8.48978758e-03]
 [-7.92795420e-03]
 [-4.30572033e-03]
 [-5.16201854e-02]
 [ 5.75459003e-03]
 [ 2.46766806e-02]
 [ 1.82507038e-02]
 [-4.38395143e-02]
 [ 3.33778858e-02]
 [-4.71884012e-03]
 [-3.22194695e-02]
 [-7.86018372e-03]
 [-8.55040550e-03]
 [ 2.14661360e-02]
 [ 8.48829746e-03]
 [ 2.71475315e-03]
 [ 2.22368240e-02]
 [-1.58840418e-03]
 [-1.26237273e-02]
 [-2.27403641e-02]
 [-4.36263084e-02]
 [-2.45282054e-02]
 [ 4.14673090e-02]
 [-2.01031566e-02]
 [-1.25913024e-02]
 [ 3.45634222e-02]
 [ 2.54040956e-02]
 [-4.55951095e-02]
 [ 4.13464308e-02]
 [ 1.71862841e-02]
 [ 1.21550560e-02]
 [-9.31525230e-03]
 [-5.92043400e-02]
 [ 1.59972906e-02]
 [ 1.03282928e-02]
 [ 2.04706192e-03]
 [ 1.54719353e-02]
 [ 3.70299816e-02]
 [-9.30595398e-03]
 [-1.75946355e-02]
 [ 5.47722578e-02]
 [-3.94223928e-02]
 [-4.23221588e-02]
 [ 1.72049999e-02]
 [ 5.82115650e-02]
 [ 2.11971998e-02]
 [-6.59400225e-03]
 [ 1.10688210e-02]
 [ 2.17361450e-02]
 [-4.77966666e-02]
 [ 1.20673180e-02]
 [-4.01932597e-02]
 [ 4.98449802e-03]
 [ 7.31325150e-03]
 [-6.86919689e-03]
 [-4.09714580e-02]
 [ 4.44369316e-02]
 [-6.89167380e-02]
 [ 1.43229961e-02]
 [-2.32949853e-02]
 [-3.67968678e-02]
 [ 9.80198383e-03]
 [ 2.23760605e-02]
 [-3.91101837e-03]
 [ 3.80609035e-02]
 [-4.43404317e-02]
 [ 5.41895628e-02]
 [-3.20738554e-03]
 [-6.55585527e-03]
 [-4.76007462e-02]
 [-3.08644772e-03]
 [-2.40176916e-03]
 [-1.68514252e-02]
 [-1.31378770e-02]
 [-3.67777944e-02]
 [-6.78598881e-04]
 [ 1.64055824e-03]
 [ 2.68707275e-02]
 [ 3.93811464e-02]
 [ 3.12174559e-02]
 [ 5.86438179e-03]
 [-1.35844946e-02]
 [-1.71729326e-02]
 [ 2.39707232e-02]
 [ 8.10265541e-03]
 [ 3.14515829e-02]
 [ 4.48712111e-02]
 [ 3.63863707e-02]
 [ 4.37432528e-02]
 [ 1.75385475e-02]
 [-4.45473194e-03]
 [ 1.07202530e-02]
 [ 9.28115845e-03]
 [ 4.13751602e-03]
 [ 2.23892927e-02]
 [ 1.49559975e-02]
 [ 2.90000439e-02]
 [-4.72072363e-02]
 [-6.71660900e-03]
 [ 4.24443483e-02]
 [-1.65613294e-02]
 [-1.23113990e-02]
 [ 2.60857344e-02]
 [-2.44504809e-02]
 [ 3.39972973e-02]
 [ 2.11738348e-02]]
typeofrisk <class 'numpy.ndarray'>
typeofreward <class 'numpy.ndarray'>
